0.0125126	5.63585	1.93304	8.08741	5.85009	4.79873	3.50291	8.95962	8.2284	7.46605	1.74108	8.58943	7.10501	5.13535	3.03995	0.149846	0.914029	3.64452	1.47313	1.65899	9.88525	4.45692	1.19083	0.0466933	0.089114	3.7788	5.31663	5.71184	6.01764	6.07166	
1.66234	6.63045	4.50789	3.52123	0.570391	6.07685	7.83319	8.02606	5.19883	3.0195	8.75973	7.26676	9.55901	9.25718	5.39354	1.42338	4.62081	2.35328	8.62239	2.09601	7.79656	8.43654	9.96796	9.99695	6.11499	3.92438	2.66213	2.97281	8.40144	0.237434	
3.75866	0.926237	6.77206	0.562151	0.0878933	9.1879	2.75887	2.72897	5.87909	6.91183	8.37611	7.26493	4.84939	2.05359	7.43736	4.68459	4.57961	9.49156	7.44438	1.0828	5.99048	3.85235	7.35008	6.08966	5.72405	3.61339	1.51555	2.25105	4.25153	8.02881	
5.17106	9.8999	7.51549	3.45561	1.68981	6.57308	4.91897	0.635395	6.99759	5.04807	1.47496	9.49583	1.41575	9.05118	6.92892	3.03049	4.26557	0.703757	9.66613	6.83187	1.53233	8.77255	8.2168	5.82049	1.91351	1.77892	8.17194	4.75265	1.55553	5.03922	
7.32017	4.05591	2.7958	5.68743	6.82241	7.55852	7.21915	4.75295	1.2302	3.67809	8.34681	0.350963	5.17014	6.62984	4.26222	1.04678	9.49339	9.21384	5.49547	3.45988	4.71725	3.74981	8.4698	3.16874	4.56099	2.71889	9.82971	2.978	7.39189	5.67278	
1.9599	7.61315	8.39442	3.97656	5.009	8.90164	0.274667	9.94629	5.72588	0.505081	5.31327	1.94067	8.43043	6.26759	6.57613	1.97851	8.42158	1.23325	1.09928	7.43126	3.14066	9.41069	2.86081	3.36314	1.40263	7.33085	8.3462	7.07999	6.00238	7.47215	
2.52724	1.44475	0.0161748	0.610065	8.06238	8.52626	2.10578	1.15604	5.53209	0.142521	1.13773	4.54512	7.5222	6.86148	5.43443	0.738853	4.3672	2.01941	6.96219	2.90353	4.36689	2.32429	5.77868	5.32579	6.28681	1.60192	5.04135	9.63042	6.95761	9.24802	
1.89947	3.35948	1.7835	9.95178	4.57442	9.98016	0.975066	6.25172	0.943937	4.37727	9.31516	0.484329	8.9462	2.90017	2.27302	7.69066	4.10718	2.01971	6.28071	6.04144	4.51613	4.66353	5.97827	6.34724	8.54793	8.28791	6.24775	7.20908	5.65752	3.75134	
1.84271	7.37907	5.55132	9.05087	2.42866	1.8894	6.04724	6.98508	5.84613	3.51299	4.94461	0.803858	7.40745	6.12049	6.2038	6.91122	8.04529	1.49113	5.76037	8.67733	9.11557	6.14704	7.27683	0.432142	6.67776	9.76531	3.15012	5.69201	3.05826	1.73925	
1.08554	8.69045	8.51222	7.44316	1.54881	3.26914	0.793481	0.766015	6.4098	8.20002	5.45091	4.48256	4.08979	2.98746	4.6556	5.01205	1.52654	3.23038	7.37999	3.13883	8.26685	9.59075	8.73348	7.25028	3.00058	9.43999	1.27232	0.657369	7.84967	5.24583	
6.09638	9.56114	0.722678	8.75637	6.53859	3.22123	1.04801	5.05051	2.27088	2.90292	9.1998	5.51164	6.62801	1.14536	4.92538	3.79131	4.96811	7.93359	5.09262	3.82366	6.88162	5.32151	6.06281	3.95184	0.0589007	7.07877	1.0062	6.23066	8.63247	4.91501	
7.47337	4.96902	3.80108	7.85363	5.52812	3.57097	9.55718	6.30848	1.7658	3.74248	1.31626	7.43278	9.5172	6.11988	0.278329	3.29844	0.559099	6.3921	1.31626	8.47072	8.64315	5.96881	7.21641	8.53969	0.146794	1.26469	7.07907	6.17145	2.17566	0.659505	
1.6892	6.24104	3.40983	3.19407	3.67565	6.61	8.02393	8.06879	5.26536	6.11103	7.98181	9.00601	1.4481	6.30177	4.02417	2.537	1.3654	8.5519	0.661641	4.27808	5.73351	3.02286	5.48051	2.25562	3.1135	1.1063	8.08039	1.34709	2.84249	7.8811	
8.9523	7.89636	7.43797	6.15223	3.61126	8.56655	2.28492	8.63582	2.29438	2.4955	5.42405	9.84832	0.538041	0.814234	5.24674	4.26801	0.946684	2.58797	8.91537	2.32765	1.4655	1.25095	9.31639	0.801111	0.470901	0.587176	3.36406	9.14701	3.98602	4.32783	
9.46165	8.37184	5.34227	8.42097	6.93533	3.97687	2.59163	0.0433363	5.2559	9.54802	3.98694	2.41096	5.85559	2.55135	6.84011	9.4528	4.35499	8.90225	0.0717185	9.40977	6.0155	7.86157	5.76678	1.4243	2.22327	3.83007	0.0427259	4.1792	0.822474	6.59932	
8.55098	0.648518	8.1106	6.62069	6.91488	8.02698	5.30137	6.85629	1.42766	6.89505	7.27897	7.77734	0.310678	8.68679	6.4452	7.06565	0.854518	5.51988	9.47905	0.587786	2.74972	1.45177	9.8178	6.19984	2.92245	9.22483	3.67534	6.9454	2.18635	1.55919	
2.40547	5.21439	9.0228	1.06418	9.02646	4.41725	0.801111	7.82098	1.71789	9.74395	7.75872	8.70388	2.10639	4.56618	0.0375378	7.50633	1.14048	4.04706	3.11136	9.92615	0.385754	2.52083	1.89276	2.47688	1.53508	6.20319	8.85372	9.39085	1.95654	7.79656	
6.45558	6.56758	9.09146	4.55458	9.21293	6.64174	1.50761	6.36341	5.69536	4.2204	9.43022	5.40574	5.7857	5.36454	2.55287	3.96954	3.50261	0.366222	7.95251	1.96509	0.702841	3.89416	5.90747	0.70925	1.97668	1.55889	6.44337	4.54329	6.04297	6.97348	
4.41298	6.84469	3.96527	8.35719	5.92212	1.99591	9.49461	8.76003	3.91705	9.87457	1.85308	8.95718	5.7445	4.42061	6.27338	7.08518	0.496231	2.85562	2.60201	4.07636	8.95322	7.10196	7.28446	8.96054	3.93567	3.97412	9.03867	3.08603	3.88104	5.70574	
3.53557	7.33695	7.45354	7.36381	7.39433	1.39317	2.00171	2.72591	6.80441	9.1113	3.6784	5.17655	1.09378	9.07437	2.0307	5.1796	6.54836	4.3852	6.87643	0.904263	0.795618	0.757775	0.278024	3.55083	3.0723	6.97287	1.42674	3.94848	0.678426	6.75741	
7.24937	1.98706	6.94021	6.15711	6.54897	5.43992	0.983001	5.45366	0.496231	9.74578	4.64034	9.6997	7.27866	5.30961	6.79922	6.92801	3.72112	3.88623	0.499588	8.09778	1.69561	0.608234	3.10556	7.84478	2.1247	3.21909	4.84664	0.0915555	4.39863	5.07859	
6.05945	7.58538	4.01074	3.49803	8.42647	9.4232	6.2331	9.97284	0.534684	5.62853	8.63552	3.86761	3.06406	2.84219	0.267037	6.12568	3.91186	0.186163	0.310373	4.55702	8.57936	9.36766	4.01898	7.27287	6.11591	8.08374	8.75423	5.82598	5.95019	0.790124	
7.93176	4.62203	5.90625	5.89434	5.69201	8.16065	6.7275	3.43577	0.102237	2.67312	3.41563	2.32093	7.7102	3.71746	8.69869	1.16855	7.25578	6.28925	8.93948	1.8302	5.35569	9.02005	7.80084	9.65209	1.97363	9.01547	7.97418	9.53398	8.48811	8.90347	
6.28712	1.85461	6.16932	2.64992	2.50649	7.322	7.8811	1.70934	7.13889	4.80941	0.814844	8.06543	8.55342	1.24638	3.07474	5.73321	4.72976	7.62047	1.9187	7.27775	9.95025	0.153508	6.47633	6.91641	1.74139	0.721152	2.74972	6.76626	8.38923	5.56658	
3.71227	7.79504	2.32521	6.38234	2.31666	2.04596	9.71038	2.81747	0.228889	7.69219	1.5183	0.46968	0.0924711	3.48582	6.4388	3.43242	4.14563	4.16517	0.906705	5.45183	6.99271	3.37992	6.57521	8.76247	5.35478	5.70025	0.539872	4.65773	2.59987	4.26801	
8.63338	4.86587	0.874355	5.65813	7.09403	7.78466	8.64223	8.50551	2.93008	8.64376	6.44917	7.46849	8.28639	7.65618	8.71914	9.08322	9.12534	5.21958	4.40168	1.07639	3.54015	8.23054	4.27717	1.69836	0.00854518	6.5746	7.73553	0.637226	0.89816	3.85662	
6.83889	8.07611	1.54088	1.42857	0.484634	3.46141	0.185553	9.78423	6.47633	0.536515	9.14151	6.37471	4.31715	0.210578	2.42592	3.91949	6.54012	7.81884	0.228278	8.26044	1.38432	6.34266	5.50401	9.83489	4.63424	2.14789	3.00699	7.82159	3.4254	4.80605	
6.0802	1.02512	9.84436	7.55821	1.50884	4.56404	7.11631	9.98749	7.75506	6.41652	6.21204	9.46104	6.88162	2.89804	5.67156	2.90384	5.48235	7.12363	2.46437	5.46678	4.9263	9.52055	6.6982	7.6516	6.23371	4.45753	7.98761	7.45537	9.88922	2.04627	
6.29475	9.09818	5.91296	9.18394	5.05539	4.89395	4.49721	8.8934	9.40397	1.82928	2.51961	2.03009	7.30491	9.4113	6.2508	0.413526	6.41346	0.345164	5.56352	5.44481	4.46333	0.613727	9.96033	1.2775	6.00909	0.503555	1.72796	6.60237	3.32438	3.15958	
6.53584	4.10535	4.27503	2.21625	6.78518	1.66448	4.97543	5.07645	8.02728	4.35072	0.0451674	3.39488	3.75896	1.28574	8.27326	7.33299	8.9114	6.4333	6.50594	5.14481	7.3397	7.37175	9.57091	4.65835	3.63262	1.12186	9.0466	8.21223	4.54787	1.08676	
